thisSample
0.974418794878359
1.32001128485632
2.05715341420992
-1.11637352522263
1.52105800332688
0.187135936894434
-1.21222412976068
0.316336568932241
0.196941639551914
0.560191589473225
0.984127810583784
-0.14591498980037
-1.51779509056144
1.65064541834098
1.5493191838457
-1.42568899394698
0.833887637060846
-0.09733876943887
0.760433922851631
-0.633341274931468
-0.260549504195241
-0.460874726679397
-0.126065858604644
0.354812414849856
1.51317676632757
-1.00353430265737
0.0618587303406609
0.479901594474894
-0.959916946737229
2.21194476087223
0.63216134823183
0.660989639535928
2.35923525652127
0.0114750690129205
1.08354859580648
-2.32163977121729
-0.0277951551744734
0.493107434304986
2.2801959851884
-0.643490982161198
-0.840907046691592
-1.18434337630801
0.298483327171646
0.946096039749084
-0.0201501589104462
-0.39925302197006
0.667323213888531
0.0424688989187482
1.81052384877879
-0.269311583773866
